neighborhood,aggravated-assault,all-other-crimes,arson,auto-theft,burglary,drug-alcohol,larceny,murder,other-crimes-against-persons,public-disorder,robbery,sexual-assault,theft-from-motor-vehicle,traffic-accident,white-collar-crimeathmar-park,0.027141134,0.272768396,0.001507841,0.07026538,0.046893848,0.070717732,0.049758745,0.000603136,0.038751508,0.116556092,0.015229192,0.006936068,0.072074789,0.198884198,0.011911942auraria,0.007184553,0.255725191,0.000673552,0.019757521,0.016838797,0.061742254,0.162550516,0,0.040637629,0.088459811,0.006286484,0.007633588,0.037045352,0.287606646,0.007858105baker,0.012088436,0.141402895,0.000874821,0.0332432,0.0332432,0.044297757,0.114840146,0.000397646,0.023858756,0.067997455,0.007952919,0.003101638,0.044695403,0.46476857,0.007237156barnum,0.025031514,0.302899334,0.002341077,0.059967585,0.041419053,0.048442283,0.030794165,0.000900414,0.040878804,0.10534846,0.014226544,0.007563479,0.053844769,0.257518458,0.008824059barnum-west,0.023421589,0.200271555,0.001697217,0.093346911,0.057705363,0.085200272,0.039714868,0.000678887,0.041072641,0.095723014,0.010522743,0.005431093,0.086218601,0.250509165,0.008486083bear-valley,0.025072324,0.100610736,0.00289296,0.1243973,0.059144969,0.048858888,0.070073931,0.00032144,0.06268081,0.161041466,0.009000321,0.009321761,0.140147862,0.171970428,0.014464802belcaro,0.007555556,0.089333333,0.001333333,0.033777778,0.076444444,0.018666667,0.092888889,0.000444444,0.021777778,0.058666667,0.006222222,0.006666667,0.096888889,0.471555556,0.017777778berkeley,0.015198927,0.154000894,0.000447027,0.060795709,0.077782745,0.043585159,0.090299508,0,0.039785427,0.106616004,0.010952168,0.006481895,0.092981672,0.288332588,0.012740277capitol-hill,0.026352911,0.141446525,0.000512952,0.04058733,0.031033598,0.171069505,0.111054116,0.000384714,0.057514747,0.099833291,0.017119774,0.009425494,0.064760195,0.221595281,0.007309567cbd,0.021493884,0.244151526,0.000356252,0.016209476,0.015318846,0.117860112,0.207101294,0.000296877,0.05527847,0.099216245,0.018940743,0.009500059,0.034259589,0.145944662,0.014071963chaffee-park,0.021129797,0.216903838,0.001293661,0.076757223,0.056489866,0.075463562,0.084519189,0,0.047003019,0.114704614,0.020267357,0.004743424,0.068132816,0.196205261,0.016386373cheesman-park,0.017919514,0.148367502,0.001063022,0.043583903,0.039483675,0.180106302,0.098557327,0.000303721,0.044495065,0.105846621,0.015034169,0.008048595,0.058162491,0.232042521,0.006985573cherry-creek,0.005883469,0.048016701,0.000569368,0.027709243,0.062061112,0.017460619,0.288479787,0,0.020497248,0.058644904,0.00854052,0.003416208,0.05978364,0.363256785,0.035680395city-park,0.02052159,0.127404874,0.000427533,0.037195383,0.037622916,0.062419838,0.128687473,0,0.045318512,0.126122274,0.01368106,0.015818726,0.076100898,0.295425395,0.013253527city-park-west,0.029230498,0.149850326,0.001232611,0.036450079,0.046134883,0.137700299,0.090332805,0.000176087,0.068674062,0.132417679,0.015319599,0.010741328,0.05229794,0.219404825,0.010036978civic-center,0.020782625,0.381576484,0.000842539,0.011514698,0.011982775,0.121325594,0.053735256,0.000468077,0.08210073,0.108219435,0.007863696,0.009548774,0.021531548,0.162235536,0.006272234clayton,0.033998752,0.250155958,0.002807236,0.058951965,0.061759201,0.055520898,0.078914535,0.000935745,0.053961323,0.138802246,0.010917031,0.007485964,0.066437929,0.165315034,0.014036182cole,0.043478261,0.304623005,0.001926252,0.044578976,0.054485416,0.102916896,0.060814529,0.002751789,0.053109521,0.132636214,0.017336269,0.007154651,0.048706659,0.118326912,0.007154651college-view-south-platte,0.029726516,0.167487685,0.001358926,0.063529811,0.045524036,0.049940547,0.223883132,0.000339732,0.055715984,0.087820622,0.01783591,0.006285035,0.070664175,0.164769832,0.015118057congress-park,0.013344282,0.081708068,0.000410593,0.05152946,0.05830425,0.023814412,0.095668241,0,0.034695134,0.087456374,0.009033053,0.007595976,0.089919934,0.431328269,0.015191952cory-merrill,0.007685739,0.078565329,0.000426985,0.035439795,0.064474808,0.046114432,0.19000854,0,0.027754056,0.081981213,0.01323655,0.002561913,0.102476516,0.321520068,0.027754056country-club,0.003646308,0.105742935,0.001823154,0.052871468,0.132178669,0.013673655,0.066545123,0,0.008204193,0.103919781,0.005469462,0.004557885,0.126709207,0.350957156,0.023701003dia,0.007351815,0.148261602,0,0.113799969,0.009036606,0.018226375,0.168785419,0.000612651,0.027416143,0.065553684,0.00382907,0.006432838,0.066166335,0.304793996,0.059733497east-colfax,0.027971454,0.332622426,0.002050693,0.036174227,0.04002953,0.179394635,0.041177918,0.000902305,0.04109589,0.110163235,0.020506931,0.008366828,0.038717086,0.114264621,0.006562218elyria-swansea,0.025382932,0.174762947,0.002625821,0.074835886,0.052516411,0.03384391,0.062727936,0.001021152,0.038074398,0.090153173,0.008898614,0.005689278,0.054558716,0.363967907,0.010940919five-points,0.035509737,0.17059098,0.000721225,0.037630987,0.036230962,0.159560477,0.106571635,0.000721225,0.066607272,0.107504985,0.017351831,0.011369904,0.078146875,0.163421153,0.008060753fort-logan,0.02472128,0.091614154,0.001938924,0.096461464,0.084827921,0.015511391,0.071740184,0.000969462,0.067862336,0.16917111,0.00484731,0.009209889,0.167232186,0.180804653,0.013087736gateway-green-valley-ranch,0.031772929,0.131539928,0.001376827,0.069370896,0.064181318,0.017369201,0.069900445,0.000953188,0.06746452,0.159500106,0.017369201,0.011650074,0.110781614,0.230247829,0.016521923globeville,0.015431209,0.211710412,0.001442169,0.046005192,0.030285549,0.050620133,0.042543986,0.000432651,0.027256995,0.072396885,0.00793193,0.008220363,0.046726276,0.432073839,0.006922411goldsmith,0.02350766,0.120179609,0.000528262,0.069730586,0.051241416,0.051769678,0.066561014,0.000528262,0.057316429,0.101162176,0.011885895,0.009244585,0.081880613,0.337295298,0.017168516hale,0.017288444,0.101607522,0.002123142,0.057021535,0.070063694,0.027297543,0.089171975,0,0.042766151,0.120412496,0.013648772,0.014255384,0.106460419,0.323324234,0.01455869hampden,0.025858474,0.099124148,0.000973168,0.088975393,0.079382733,0.020853608,0.087029056,0.000278048,0.062838871,0.134158209,0.014597525,0.007785347,0.127624079,0.230223829,0.020297511hampden-south,0.011574663,0.07199186,0.00063597,0.04718901,0.051259222,0.02391249,0.071737471,0.000508776,0.031544136,0.07479013,0.008267616,0.006232511,0.096413126,0.485245485,0.018697532harvey-park,0.029962547,0.165168539,0.001872659,0.070599251,0.048127341,0.041198502,0.063108614,0.000561798,0.05411985,0.143071161,0.014981273,0.009550562,0.095318352,0.249625468,0.012734082harvey-park-south,0.025040388,0.125740442,0.00188476,0.091545504,0.047388261,0.039849219,0.129509962,0.001077006,0.047388261,0.136241249,0.016155089,0.011039311,0.115239634,0.193591815,0.018309101highland,0.012744265,0.160213618,0.000970992,0.058502245,0.065177813,0.033499211,0.101347251,0,0.031435854,0.096249545,0.008981673,0.00643282,0.082534288,0.332928753,0.008981673hilltop,0.012991834,0.062731997,0,0.04454343,0.097253155,0.012620638,0.060876021,0.00074239,0.03043801,0.086488493,0.001855976,0.005196733,0.118040089,0.445805494,0.020415739indian-creek,0.009960159,0.075697211,0.003984064,0.097609562,0.121513944,0.007968127,0.089641434,0,0.043824701,0.14940239,0.003984064,0.003984064,0.169322709,0.193227092,0.029880478jefferson-park,0.014173998,0.137341153,0.000977517,0.049120235,0.043743891,0.039100684,0.097018573,0,0.020527859,0.072336266,0.007820137,0.005376344,0.063049853,0.438905181,0.010508309kennedy,0.042857143,0.112755102,0.004081633,0.107653061,0.072959184,0.021938776,0.055612245,0.002040816,0.071428571,0.141326531,0.019897959,0.017857143,0.133673469,0.187244898,0.008673469lincoln-park,0.022490222,0.227672751,0.001303781,0.035283572,0.02428292,0.084338331,0.081241851,0.000244459,0.066329857,0.108621252,0.00994133,0.011408083,0.040498696,0.2773794,0.008963494lowry-field,0.024227235,0.111389585,0.000556948,0.036480089,0.086048454,0.017822334,0.101086048,0.000835422,0.065719855,0.120300752,0.007240323,0.007797271,0.104427736,0.298524088,0.01754386mar-lee,0.031556039,0.221047723,0.002176279,0.079589616,0.047567231,0.050365304,0.061868491,0.000777242,0.049277165,0.108503031,0.015078501,0.008705114,0.068863672,0.23954609,0.015078501marston,0.011806375,0.131641086,0.000590319,0.066410862,0.041322314,0.021841795,0.16824085,0,0.053128689,0.113341204,0.005312869,0.00501771,0.127804014,0.233766234,0.019775679montbello,0.035386717,0.26078189,0.002667014,0.056202433,0.036362454,0.038704222,0.050413062,0.001170884,0.064333572,0.134391466,0.017172966,0.008976777,0.076042412,0.203928966,0.013465166montclair,0.013024225,0.154206825,0.001302423,0.033342016,0.070330815,0.038812191,0.149257619,0.000260485,0.032300078,0.071633238,0.017973431,0.004167752,0.06772597,0.334201615,0.011461318north-capitol-hill,0.025325615,0.171611192,0.000241196,0.031476122,0.031958514,0.146647371,0.113241679,0.000602991,0.061384467,0.10986493,0.017848529,0.012542209,0.060419682,0.19802219,0.018813314north-park-hill,0.024865189,0.205212702,0.002696225,0.053025764,0.093169563,0.026363092,0.068903535,0.001198322,0.039544638,0.111743559,0.010784901,0.005692031,0.086279209,0.25524266,0.01527861northeast-park-hill,0.037355958,0.199062935,0.001266304,0.065088008,0.040774978,0.032923895,0.059009751,0.001772825,0.050398886,0.09699886,0.01025706,0.007977713,0.072305939,0.310244397,0.014562492overland,0.022994012,0.177245509,0.001437126,0.046706587,0.065149701,0.057724551,0.070898204,0.000239521,0.04,0.094131737,0.007904192,0.005748503,0.074491018,0.32502994,0.010299401platt-park,0.006851662,0.091812264,0.001370332,0.056183625,0.122644741,0.041452552,0.090099349,0.000342583,0.028434395,0.08461802,0.011305242,0.006509078,0.131551901,0.309009935,0.01781432regis,0.014534884,0.186877076,0.002076412,0.077242525,0.078488372,0.080980066,0.074335548,0.000415282,0.038621262,0.090116279,0.009551495,0.009966777,0.080564784,0.242940199,0.013289037rosedale,0.007736944,0.107672469,0.000644745,0.063185042,0.099935525,0.043842682,0.074790458,0,0.054158607,0.09929078,0.011605416,0.00967118,0.097356544,0.3172147,0.012894907ruby-hill,0.03212265,0.253513415,0.002555211,0.090709984,0.059864939,0.049644096,0.043256069,0.000912575,0.050191641,0.116627122,0.013688629,0.008395693,0.081036686,0.183610148,0.013871144skyland,0.024429102,0.255974509,0.00212427,0.036112586,0.074349442,0.040892193,0.051513542,0.001062135,0.044078598,0.099309612,0.015400956,0.004779607,0.062134891,0.276155072,0.011683484sloan-lake,0.018820924,0.142264046,0.00166067,0.078051481,0.106006089,0.028231387,0.099916967,0.001107113,0.039856075,0.131746471,0.009964019,0.005535566,0.117907556,0.206476612,0.012455024south-park-hill,0.014464534,0.135465925,0.000834492,0.048122392,0.08178025,0.035605007,0.077885953,0.000556328,0.038664812,0.122670376,0.020584145,0.008901252,0.08650904,0.314603616,0.013351878southmoor-park,0.011230697,0.060832943,0.001871783,0.053813758,0.083762284,0.030884417,0.081422555,0,0.038839495,0.099672438,0.004679457,0.006083294,0.132428638,0.378568086,0.015910154speer,0.010205528,0.135081502,0.00042523,0.058256556,0.072147413,0.034443657,0.118497519,0.000566974,0.032459249,0.091566265,0.010205528,0.006236712,0.091282778,0.326435152,0.012189936stapleton,0.010804007,0.149735144,0.00047202,0.036660198,0.040960822,0.033880527,0.225520533,0.00031468,0.027377144,0.052446636,0.009230608,0.004667751,0.057271726,0.337441653,0.013216552sun-valley,0.03756574,0.301527673,0.000751315,0.03756574,0.022289006,0.076884548,0.071625344,0.000500877,0.074129727,0.120961683,0.016278487,0.008014025,0.034810919,0.186576509,0.010518407sunnyside,0.026443139,0.208434151,0.002073972,0.070687867,0.057725544,0.04441756,0.069823712,0.000864155,0.054268925,0.137746284,0.012616661,0.007431732,0.071033529,0.224680263,0.011752506union-station,0.043185806,0.19019302,0.000487424,0.025638526,0.033534802,0.047085202,0.173620589,0.000584909,0.082374732,0.114447261,0.019789433,0.012380581,0.063852603,0.181321895,0.011503217university,0.012889366,0.091299678,0.001074114,0.052094522,0.073308271,0.020676692,0.111976369,0.000537057,0.032491944,0.114661654,0.011546724,0.010204082,0.109559613,0.339419979,0.018259936university-hills,0.017178553,0.106975534,0.000520562,0.045549193,0.068193649,0.055179594,0.146017699,0.000520562,0.029672046,0.109578345,0.011192087,0.005726184,0.095783446,0.290733993,0.017178553university-park,0.010752688,0.07368754,0.000316256,0.04743833,0.086970272,0.038583175,0.102783049,0.000316256,0.029095509,0.113851992,0.010120177,0.009487666,0.133776091,0.320050601,0.022770398valverde,0.039312039,0.225429975,0.003378378,0.097358722,0.061117936,0.062960688,0.063882064,0.000307125,0.047911548,0.114250614,0.017813268,0.005528256,0.085995086,0.162469287,0.012285012villa-park,0.030137414,0.267020612,0.002342286,0.085883823,0.059650219,0.064022486,0.044191131,0,0.049188007,0.09868832,0.017801374,0.007651468,0.056058713,0.208775765,0.008588382virginia-village,0.014937263,0.090021908,0.003784107,0.06632145,0.072893846,0.040031866,0.11451902,0.000597491,0.046604262,0.093606851,0.010157339,0.007767377,0.100378411,0.317665804,0.020713005washington-park,0.007084662,0.065533121,0.000708466,0.053489196,0.096705632,0.044987602,0.07120085,0,0.029047113,0.109812256,0.003542331,0.006376196,0.12398158,0.368402409,0.019128587washington-park-west,0.005354411,0.08490566,0.000254972,0.049464559,0.08490566,0.021417644,0.072157063,0,0.016063233,0.079041305,0.004079551,0.00254972,0.108873024,0.461244263,0.009688934washington-virginia-vale,0.022451456,0.106037621,0.001213592,0.053549757,0.074484223,0.036104369,0.101334951,0.000606796,0.054004854,0.120600728,0.01243932,0.009860437,0.078883495,0.312348301,0.016080097wellshire,0.010619469,0.053097345,0,0.05840708,0.120353982,0.028318584,0.081415929,0.001769912,0.021238938,0.120353982,0.003539823,0.005309735,0.191150442,0.277876106,0.026548673west-colfax,0.032052666,0.283725448,0.002698036,0.056119145,0.048348802,0.075760846,0.072523203,0.000863371,0.060759767,0.136520613,0.014677315,0.009605008,0.057737967,0.139866177,0.008741636west-highland,0.012158055,0.122749591,0.000935235,0.066869301,0.090717793,0.026654197,0.106382979,0,0.032265607,0.101472995,0.011456628,0.005143792,0.118307225,0.289922843,0.01496376westwood,0.034491792,0.324048201,0.001397136,0.065578065,0.040080335,0.052916521,0.032920014,0.001135173,0.051694027,0.11002445,0.015019211,0.006811037,0.057806497,0.198742578,0.007334963whittier,0.049801516,0.247924937,0.002165283,0.056658246,0.06604114,0.042944785,0.077228437,0.001443522,0.067484663,0.142908697,0.014074341,0.010104655,0.060627932,0.15156983,0.009022014windsor,0.025702331,0.071129707,0.001494322,0.093544531,0.076808129,0.01524208,0.068141064,0.000597729,0.078003586,0.137178721,0.008965929,0.011954573,0.135385535,0.248057382,0.027794381
